result: {0: {'ap_sigmoid': 0.9780427905042611, 'acc_sigmoid': 0.4900255754475703, 'ap_no_sigmoid': 0.9783273726682997, 'acc_no_sigmoid': 0.919693094629156}, 1: {'ap_sigmoid': 0.9780427905042611, 'acc_sigmoid': 0.4900255754475703, 'ap_no_sigmoid': 0.9783273726682997, 'acc_no_sigmoid': 0.919693094629156}, 2: {'ap_sigmoid': 0.9780427905042611, 'acc_sigmoid': 0.4900255754475703, 'ap_no_sigmoid': 0.9783273726682997, 'acc_no_sigmoid': 0.919693094629156}, 3: {'ap_sigmoid': 0.9780427905042611, 'acc_sigmoid': 0.4900255754475703, 'ap_no_sigmoid': 0.9783273726682997, 'acc_no_sigmoid': 0.919693094629156}, 4: {'ap_sigmoid': 0.9780427905042611, 'acc_sigmoid': 0.4900255754475703, 'ap_no_sigmoid': 0.9783273726682997, 'acc_no_sigmoid': 0.919693094629156}, 5: {'ap_sigmoid': 0.9780427905042611, 'acc_sigmoid': 0.4900255754475703, 'ap_no_sigmoid': 0.9783273726682997, 'acc_no_sigmoid': 0.919693094629156}, 6: {'ap_sigmoid': 0.9780427905042611, 'acc_sigmoid': 0.4900255754475703, 'ap_no_sigmoid': 0.9783273726682997, 'acc_no_sigmoid': 0.919693094629156}, 7: {'ap_sigmoid': 0.9780427905042611, 'acc_sigmoid': 0.4900255754475703, 'ap_no_sigmoid': 0.9783273726682997, 'acc_no_sigmoid': 0.919693094629156}, 8: {'ap_sigmoid': 0.9780427905042611, 'acc_sigmoid': 0.4900255754475703, 'ap_no_sigmoid': 0.9783273726682997, 'acc_no_sigmoid': 0.919693094629156}, 9: {'ap_sigmoid': 0.9780427905042611, 'acc_sigmoid': 0.4900255754475703, 'ap_no_sigmoid': 0.9783273726682997, 'acc_no_sigmoid': 0.919693094629156}}
C: 1
kernel_types: ['linear', 'poly']
kernel_params: [[0], [1.1, 1.2, 1.3, 1.4, 1.5]]
