result: {0: {'ap': 0.9900400458959676, 'acc': 0.9565217391304348}, 1: {'ap': 0.9900400458959676, 'acc': 0.9565217391304348}, 2: {'ap': 0.9900400458959676, 'acc': 0.9565217391304348}, 3: {'ap': 0.9900400458959676, 'acc': 0.9565217391304348}, 4: {'ap': 0.9900400458959676, 'acc': 0.9565217391304348}, 5: {'ap': 0.9900400458959676, 'acc': 0.9565217391304348}, 6: {'ap': 0.9900400458959676, 'acc': 0.9565217391304348}, 7: {'ap': 0.9900400458959676, 'acc': 0.9565217391304348}, 8: {'ap': 0.9900400458959676, 'acc': 0.9565217391304348}, 9: {'ap': 0.9900400458959676, 'acc': 0.9565217391304348}}
C: 1
lambda_L: 1
lambda_D1: 1
lambda_D2: 1
beta: 10000
thr: 0.3
kernel_types: ['linear', 'poly']
kernel_params: [[0], [1.1, 1.2, 1.3, 1.4, 1.5]]
