result: {0: {'ap': 0.9905123294704158, 'acc': 0.9532467532467532}, 1: {'ap': 0.9903351668473636, 'acc': 0.9532467532467532}, 2: {'ap': 0.9906322752592186, 'acc': 0.9542857142857143}, 3: {'ap': 0.9903065191595499, 'acc': 0.9527272727272728}, 4: {'ap': 0.990161642668337, 'acc': 0.9522077922077922}, 5: {'ap': 0.990611165941382, 'acc': 0.9527272727272728}, 6: {'ap': 0.9906979739900807, 'acc': 0.9548051948051948}, 7: {'ap': 0.9905677045127943, 'acc': 0.9506493506493506}, 8: {'ap': 0.9903836229101882, 'acc': 0.9527272727272728}, 9: {'ap': 0.990231073778381, 'acc': 0.9506493506493506}}
C: 1
kernel_types: ['linear', 'poly']
kernel_params: [[0], [1.1, 1.2, 1.3, 1.4, 1.5]]
