result: {0: {'ap_sigmoid': 0.9646270517397255, 'acc_sigmoid': 0.489963973237262, 'ap_no_sigmoid': 0.9645125302589928, 'acc_no_sigmoid': 0.9109624292331446}, 1: {'ap_sigmoid': 0.964698348561515, 'acc_sigmoid': 0.489963973237262, 'ap_no_sigmoid': 0.9645692623549099, 'acc_no_sigmoid': 0.9109624292331446}, 2: {'ap_sigmoid': 0.9648113409752268, 'acc_sigmoid': 0.489963973237262, 'ap_no_sigmoid': 0.9647035329682256, 'acc_no_sigmoid': 0.9114770972722593}, 3: {'ap_sigmoid': 0.9645404524859008, 'acc_sigmoid': 0.489963973237262, 'ap_no_sigmoid': 0.9644431576855531, 'acc_no_sigmoid': 0.9114770972722593}, 4: {'ap_sigmoid': 0.9646019521310787, 'acc_sigmoid': 0.489963973237262, 'ap_no_sigmoid': 0.9644931324930327, 'acc_no_sigmoid': 0.9114770972722593}, 5: {'ap_sigmoid': 0.9646863013937875, 'acc_sigmoid': 0.489963973237262, 'ap_no_sigmoid': 0.9645094614124129, 'acc_no_sigmoid': 0.9109624292331446}, 6: {'ap_sigmoid': 0.9653849414062912, 'acc_sigmoid': 0.489963973237262, 'ap_no_sigmoid': 0.965249354941946, 'acc_no_sigmoid': 0.9135357694287185}, 7: {'ap_sigmoid': 0.9652735366289162, 'acc_sigmoid': 0.489963973237262, 'ap_no_sigmoid': 0.9651773081014702, 'acc_no_sigmoid': 0.9119917653113742}, 8: {'ap_sigmoid': 0.9654345110115208, 'acc_sigmoid': 0.489963973237262, 'ap_no_sigmoid': 0.9652931249720818, 'acc_no_sigmoid': 0.9130211013896037}, 9: {'ap_sigmoid': 0.9647860322227337, 'acc_sigmoid': 0.489963973237262, 'ap_no_sigmoid': 0.9647078932715669, 'acc_no_sigmoid': 0.9114770972722593}}
C: 1
kernel_types: ['linear', 'poly']
kernel_params: [[0], [1.1, 1.2, 1.3, 1.4, 1.5]]
