result: {0: {'ap_sigmoid': 0.9425722013577302, 'acc_sigmoid': 0.48981723237597913, 'ap_no_sigmoid': 0.9428651486630307, 'acc_no_sigmoid': 0.8960835509138381}, 1: {'ap_sigmoid': 0.9433697412726845, 'acc_sigmoid': 0.48981723237597913, 'ap_no_sigmoid': 0.9436782993103408, 'acc_no_sigmoid': 0.8976501305483029}, 2: {'ap_sigmoid': 0.9433435260540173, 'acc_sigmoid': 0.48981723237597913, 'ap_no_sigmoid': 0.9436845936289735, 'acc_no_sigmoid': 0.8976501305483029}, 3: {'ap_sigmoid': 0.9425325625604959, 'acc_sigmoid': 0.48981723237597913, 'ap_no_sigmoid': 0.9428362686176959, 'acc_no_sigmoid': 0.8960835509138381}, 4: {'ap_sigmoid': 0.9421561075092835, 'acc_sigmoid': 0.48981723237597913, 'ap_no_sigmoid': 0.9424705726187491, 'acc_no_sigmoid': 0.8971279373368146}, 5: {'ap_sigmoid': 0.9452795076272159, 'acc_sigmoid': 0.48981723237597913, 'ap_no_sigmoid': 0.9453004688706095, 'acc_no_sigmoid': 0.8950391644908616}, 6: {'ap_sigmoid': 0.942636589321445, 'acc_sigmoid': 0.48981723237597913, 'ap_no_sigmoid': 0.9429119483378959, 'acc_no_sigmoid': 0.8986945169712793}, 7: {'ap_sigmoid': 0.9460464545865683, 'acc_sigmoid': 0.48981723237597913, 'ap_no_sigmoid': 0.946185419648334, 'acc_no_sigmoid': 0.8955613577023499}, 8: {'ap_sigmoid': 0.9419316418168618, 'acc_sigmoid': 0.48981723237597913, 'ap_no_sigmoid': 0.9422640107953686, 'acc_no_sigmoid': 0.8955613577023499}, 9: {'ap_sigmoid': 0.9426810689265438, 'acc_sigmoid': 0.48981723237597913, 'ap_no_sigmoid': 0.9429553419956299, 'acc_no_sigmoid': 0.8955613577023499}}
C: 1
kernel_types: ['linear', 'poly']
kernel_params: [[0], [1.1, 1.2, 1.3, 1.4, 1.5]]
