result: {0: {'ap': 0.9915272209497547, 'acc': 0.9566579634464752}, 1: {'ap': 0.9910844718802835, 'acc': 0.960313315926893}, 2: {'ap': 0.9911070732431787, 'acc': 0.9577023498694517}, 3: {'ap': 0.9918068532000425, 'acc': 0.9597911227154047}, 4: {'ap': 0.9904921671008478, 'acc': 0.9545691906005221}, 5: {'ap': 0.9908376660096414, 'acc': 0.9571801566579634}, 6: {'ap': 0.9915343112830332, 'acc': 0.9608355091383812}, 7: {'ap': 0.9913682495378126, 'acc': 0.956135770234987}, 8: {'ap': 0.9907001166192629, 'acc': 0.9587467362924282}, 9: {'ap': 0.9914696796670819, 'acc': 0.9571801566579634}}
C: 1
lambda_L: 1
lambda_D1: 1
lambda_D2: 1
beta: 10000
thr: 0.3
kernel_types: ['linear', 'poly']
kernel_params: [[0], [1.1, 1.2, 1.3, 1.4, 1.5]]
