result: {0: {'ap': 0.9902459042146274, 'acc': 0.9542886492039034}, 1: {'ap': 0.9901043173172759, 'acc': 0.9568567026194145}, 2: {'ap': 0.9906035786412681, 'acc': 0.9589111453518233}, 3: {'ap': 0.9900671713412371, 'acc': 0.9573703133025167}, 4: {'ap': 0.9900830299416061, 'acc': 0.9542886492039034}, 5: {'ap': 0.9899310469531014, 'acc': 0.9558294812532101}, 6: {'ap': 0.99057521038679, 'acc': 0.957883923985619}, 7: {'ap': 0.9899430171377407, 'acc': 0.9553158705701078}, 8: {'ap': 0.98993810532221, 'acc': 0.9537750385208013}, 9: {'ap': 0.9900193864633484, 'acc': 0.9573703133025167}}
C: 1
lambda_L: 1
lambda_D1: 1
lambda_D2: 1
beta: 10000
thr: 0.3
kernel_types: ['linear', 'poly']
kernel_params: [[0], [1.1, 1.2, 1.3, 1.4, 1.5]]
