result: {0: {'ap': 0.9904745083743489, 'acc': 0.954046997389034}, 1: {'ap': 0.9915852929135015, 'acc': 0.9556135770234987}, 2: {'ap': 0.9906216064458473, 'acc': 0.954046997389034}, 3: {'ap': 0.9904191148047448, 'acc': 0.9530026109660574}, 4: {'ap': 0.9901201887690813, 'acc': 0.951958224543081}, 5: {'ap': 0.9904236371531682, 'acc': 0.9530026109660574}, 6: {'ap': 0.9906495027029162, 'acc': 0.954046997389034}, 7: {'ap': 0.9904885004464274, 'acc': 0.9514360313315927}, 8: {'ap': 0.990269782395132, 'acc': 0.9524804177545692}, 9: {'ap': 0.9902442253350323, 'acc': 0.9509138381201044}}
C: 1
kernel_types: ['linear', 'poly']
kernel_params: [[0], [1.1, 1.2, 1.3, 1.4, 1.5]]
