result: {0: {'ap': 0.9903918010446151, 'acc': 0.9547092125579002}, 1: {'ap': 0.990258253741166, 'acc': 0.9583118888317036}, 2: {'ap': 0.9905139322165224, 'acc': 0.9583118888317036}, 3: {'ap': 0.9902203750739786, 'acc': 0.9567678847143593}, 4: {'ap': 0.9899977605085248, 'acc': 0.9557385486361297}, 5: {'ap': 0.9899487134637928, 'acc': 0.9562532166752444}, 6: {'ap': 0.9907837085013882, 'acc': 0.9577972207925888}, 7: {'ap': 0.9898478305073691, 'acc': 0.9516212043232115}, 8: {'ap': 0.9899608604059852, 'acc': 0.9516212043232115}, 9: {'ap': 0.990469340210153, 'acc': 0.957282552753474}}
C: 1
lambda_L: 1
lambda_D1: 1
lambda_D2: 1
beta: 10000
thr: 0.3
kernel_types: ['linear', 'poly']
kernel_params: [[0], [1.1, 1.2, 1.3, 1.4, 1.5]]
