result: {0: {'ap_sigmoid': 0.9701652192964202, 'acc_sigmoid': 0.4899845916795069, 'ap_no_sigmoid': 0.9699679108636026, 'acc_no_sigmoid': 0.9147406266050334}, 1: {'ap_sigmoid': 0.9703231148928048, 'acc_sigmoid': 0.4899845916795069, 'ap_no_sigmoid': 0.9701150561875646, 'acc_no_sigmoid': 0.9147406266050334}, 2: {'ap_sigmoid': 0.9701642050634507, 'acc_sigmoid': 0.4899845916795069, 'ap_no_sigmoid': 0.9699755293887242, 'acc_no_sigmoid': 0.9142270159219312}, 3: {'ap_sigmoid': 0.9706077182580906, 'acc_sigmoid': 0.4899845916795069, 'ap_no_sigmoid': 0.9704273215356425, 'acc_no_sigmoid': 0.9147406266050334}, 4: {'ap_sigmoid': 0.9704611359220806, 'acc_sigmoid': 0.4899845916795069, 'ap_no_sigmoid': 0.9702644786619063, 'acc_no_sigmoid': 0.9152542372881356}, 5: {'ap_sigmoid': 0.9706058583898979, 'acc_sigmoid': 0.4899845916795069, 'ap_no_sigmoid': 0.9704052168386227, 'acc_no_sigmoid': 0.9152542372881356}, 6: {'ap_sigmoid': 0.970662144268382, 'acc_sigmoid': 0.4899845916795069, 'ap_no_sigmoid': 0.9704492790592234, 'acc_no_sigmoid': 0.9157678479712378}, 7: {'ap_sigmoid': 0.9706209128218719, 'acc_sigmoid': 0.4899845916795069, 'ap_no_sigmoid': 0.9704422999826313, 'acc_no_sigmoid': 0.9147406266050334}, 8: {'ap_sigmoid': 0.9702181705042023, 'acc_sigmoid': 0.4899845916795069, 'ap_no_sigmoid': 0.9700249531266625, 'acc_no_sigmoid': 0.9147406266050334}, 9: {'ap_sigmoid': 0.9705046232568041, 'acc_sigmoid': 0.4899845916795069, 'ap_no_sigmoid': 0.9703258834906271, 'acc_no_sigmoid': 0.9142270159219312}}
C: 1
kernel_types: ['linear', 'poly']
kernel_params: [[0], [1.1, 1.2, 1.3, 1.4, 1.5]]
