result: {0: {'ap': 0.9903088159535856, 'acc': 0.952650540401441}, 1: {'ap': 0.9902667413034729, 'acc': 0.9521358723623263}, 2: {'ap': 0.9905570163826575, 'acc': 0.9531652084405559}, 3: {'ap': 0.9902461894310884, 'acc': 0.9516212043232115}, 4: {'ap': 0.9902345392998585, 'acc': 0.9516212043232115}, 5: {'ap': 0.9904946978151938, 'acc': 0.9531652084405559}, 6: {'ap': 0.9907245163728315, 'acc': 0.9552238805970149}, 7: {'ap': 0.9904444559772647, 'acc': 0.9521358723623263}, 8: {'ap': 0.9902400830944599, 'acc': 0.952650540401441}, 9: {'ap': 0.9902982360291215, 'acc': 0.9511065362840968}}
C: 1
kernel_types: ['linear', 'poly']
kernel_params: [[0], [1.1, 1.2, 1.3, 1.4, 1.5]]
