result: {0: {'ap': 0.9910087768853586, 'acc': 0.9571059431524548}, 1: {'ap': 0.9902909563244842, 'acc': 0.9576227390180878}, 2: {'ap': 0.9905812177435872, 'acc': 0.958656330749354}, 3: {'ap': 0.9903190162466061, 'acc': 0.9555555555555556}, 4: {'ap': 0.9902017515825339, 'acc': 0.9555555555555556}, 5: {'ap': 0.9901691709702309, 'acc': 0.9550387596899225}, 6: {'ap': 0.991131176747827, 'acc': 0.9612403100775194}, 7: {'ap': 0.9902031742583189, 'acc': 0.9534883720930233}, 8: {'ap': 0.9901350012226775, 'acc': 0.9529715762273901}, 9: {'ap': 0.9908957283434108, 'acc': 0.9571059431524548}}
C: 1
lambda_L: 1
lambda_D1: 1
lambda_D2: 1
beta: 10000
thr: 0.3
kernel_types: ['linear', 'poly']
kernel_params: [[0], [1.1, 1.2, 1.3, 1.4, 1.5]]
