result: {0: {'ap': 0.9915221502277588, 'acc': 0.9574025974025974}, 1: {'ap': 0.9903748267939113, 'acc': 0.9584415584415584}, 2: {'ap': 0.9910386292593598, 'acc': 0.9584415584415584}, 3: {'ap': 0.9909683217014219, 'acc': 0.9558441558441558}, 4: {'ap': 0.9902097011742887, 'acc': 0.9542857142857143}, 5: {'ap': 0.9905792964649768, 'acc': 0.9553246753246754}, 6: {'ap': 0.991400777767798, 'acc': 0.96}, 7: {'ap': 0.9906699266133724, 'acc': 0.9558441558441558}, 8: {'ap': 0.9904492492307665, 'acc': 0.9542857142857143}, 9: {'ap': 0.9911573303252963, 'acc': 0.9574025974025974}}
C: 1
lambda_L: 1
lambda_D1: 1
lambda_D2: 1
beta: 10000
thr: 0.3
kernel_types: ['linear', 'poly']
kernel_params: [[0], [1.1, 1.2, 1.3, 1.4, 1.5]]
