result: {0: {'ap': 0.9904164524080955, 'acc': 0.9524547803617571}, 1: {'ap': 0.9903284411094253, 'acc': 0.9529715762273901}, 2: {'ap': 0.9905671162256092, 'acc': 0.9534883720930233}, 3: {'ap': 0.9901910457948868, 'acc': 0.951937984496124}, 4: {'ap': 0.990212713158334, 'acc': 0.9524547803617571}, 5: {'ap': 0.9905002993854358, 'acc': 0.9529715762273901}, 6: {'ap': 0.9907326401155265, 'acc': 0.9550387596899225}, 7: {'ap': 0.9903968633244878, 'acc': 0.951421188630491}, 8: {'ap': 0.9903578798276592, 'acc': 0.9529715762273901}, 9: {'ap': 0.9901949192406126, 'acc': 0.951937984496124}}
C: 1
kernel_types: ['linear', 'poly']
kernel_params: [[0], [1.1, 1.2, 1.3, 1.4, 1.5]]
