result: {0: {'ap_sigmoid': 0.9491016087007109, 'acc_sigmoid': 0.48987012987012984, 'ap_no_sigmoid': 0.949516312859674, 'acc_no_sigmoid': 0.9028571428571428}, 1: {'ap_sigmoid': 0.9487038326869457, 'acc_sigmoid': 0.48987012987012984, 'ap_no_sigmoid': 0.9491534489169668, 'acc_no_sigmoid': 0.9012987012987013}, 2: {'ap_sigmoid': 0.9496586145383463, 'acc_sigmoid': 0.48987012987012984, 'ap_no_sigmoid': 0.9500881973810813, 'acc_no_sigmoid': 0.9038961038961039}, 3: {'ap_sigmoid': 0.9483118951043892, 'acc_sigmoid': 0.48987012987012984, 'ap_no_sigmoid': 0.9487381600879614, 'acc_no_sigmoid': 0.8997402597402597}, 4: {'ap_sigmoid': 0.9487999646103521, 'acc_sigmoid': 0.48987012987012984, 'ap_no_sigmoid': 0.9492372327141431, 'acc_no_sigmoid': 0.9012987012987013}, 5: {'ap_sigmoid': 0.9506907144993929, 'acc_sigmoid': 0.48987012987012984, 'ap_no_sigmoid': 0.9511391919582552, 'acc_no_sigmoid': 0.9023376623376623}, 6: {'ap_sigmoid': 0.9492689726895377, 'acc_sigmoid': 0.48987012987012984, 'ap_no_sigmoid': 0.9496898343107404, 'acc_no_sigmoid': 0.9028571428571428}, 7: {'ap_sigmoid': 0.9488505374724726, 'acc_sigmoid': 0.48987012987012984, 'ap_no_sigmoid': 0.949274488552975, 'acc_no_sigmoid': 0.9018181818181819}, 8: {'ap_sigmoid': 0.9498740691083738, 'acc_sigmoid': 0.48987012987012984, 'ap_no_sigmoid': 0.9503313057188315, 'acc_no_sigmoid': 0.9028571428571428}, 9: {'ap_sigmoid': 0.9491898819729445, 'acc_sigmoid': 0.48987012987012984, 'ap_no_sigmoid': 0.9496666832717204, 'acc_no_sigmoid': 0.9018181818181819}}
C: 1
kernel_types: ['linear', 'poly']
kernel_params: [[0], [1.1, 1.2, 1.3, 1.4, 1.5]]
