result: {0: {'ap': 0.9901192702348143, 'acc': 0.9548949256791389}, 1: {'ap': 0.9899488230246897, 'acc': 0.9564325986673501}, 2: {'ap': 0.9902659527562909, 'acc': 0.9574577139928242}, 3: {'ap': 0.9899652514471332, 'acc': 0.955920041004613}, 4: {'ap': 0.9899908677367358, 'acc': 0.9548949256791389}, 5: {'ap': 0.9899378949268097, 'acc': 0.955407483341876}, 6: {'ap': 0.990129816523858, 'acc': 0.955407483341876}, 7: {'ap': 0.9900088629171077, 'acc': 0.9569451563300871}, 8: {'ap': 0.9899837498298353, 'acc': 0.9543823680164019}, 9: {'ap': 0.9898820215842092, 'acc': 0.9564325986673501}}
C: 1
lambda_L: 1
lambda_D1: 1
lambda_D2: 1
beta: 10000
thr: 0.3
kernel_types: ['linear', 'poly']
kernel_params: [[0], [1.1, 1.2, 1.3, 1.4, 1.5]]
