result: {0: {'ap': 0.9902712146519619, 'acc': 0.9523321373654536}, 1: {'ap': 0.9903054763190305, 'acc': 0.9523321373654536}, 2: {'ap': 0.9904765627541444, 'acc': 0.9533572526909277}, 3: {'ap': 0.9902762231527826, 'acc': 0.9523321373654536}, 4: {'ap': 0.9902563462769087, 'acc': 0.9523321373654536}, 5: {'ap': 0.9903537281372901, 'acc': 0.9523321373654536}, 6: {'ap': 0.9904044025684197, 'acc': 0.9533572526909277}, 7: {'ap': 0.990421736648541, 'acc': 0.9523321373654536}, 8: {'ap': 0.9902431114369095, 'acc': 0.9518195797027166}, 9: {'ap': 0.9902366038486988, 'acc': 0.9523321373654536}}
C: 1
kernel_types: ['linear', 'poly']
kernel_params: [[0], [1.1, 1.2, 1.3, 1.4, 1.5]]
