result: {0: {'ap_sigmoid': 0.9736559717591249, 'acc_sigmoid': 0.4900051255766274, 'ap_no_sigmoid': 0.9735793662225314, 'acc_no_sigmoid': 0.9164531009738596}, 1: {'ap_sigmoid': 0.9737648452215527, 'acc_sigmoid': 0.4900051255766274, 'ap_no_sigmoid': 0.9736817781894049, 'acc_no_sigmoid': 0.9164531009738596}, 2: {'ap_sigmoid': 0.9737186955455813, 'acc_sigmoid': 0.4900051255766274, 'ap_no_sigmoid': 0.9736426392922762, 'acc_no_sigmoid': 0.9164531009738596}, 3: {'ap_sigmoid': 0.9740071504136926, 'acc_sigmoid': 0.4900051255766274, 'ap_no_sigmoid': 0.973937965174485, 'acc_no_sigmoid': 0.9169656586365966}, 4: {'ap_sigmoid': 0.9736628224082645, 'acc_sigmoid': 0.4900051255766274, 'ap_no_sigmoid': 0.973582492648771, 'acc_no_sigmoid': 0.9164531009738596}, 5: {'ap_sigmoid': 0.9736610685684282, 'acc_sigmoid': 0.4900051255766274, 'ap_no_sigmoid': 0.9735768483178007, 'acc_no_sigmoid': 0.9164531009738596}, 6: {'ap_sigmoid': 0.9739226191938605, 'acc_sigmoid': 0.4900051255766274, 'ap_no_sigmoid': 0.9738331030157368, 'acc_no_sigmoid': 0.9169656586365966}, 7: {'ap_sigmoid': 0.9740655867812748, 'acc_sigmoid': 0.4900051255766274, 'ap_no_sigmoid': 0.973992947175509, 'acc_no_sigmoid': 0.9169656586365966}, 8: {'ap_sigmoid': 0.9737368532147243, 'acc_sigmoid': 0.4900051255766274, 'ap_no_sigmoid': 0.9736505898647769, 'acc_no_sigmoid': 0.9169656586365966}, 9: {'ap_sigmoid': 0.9740007528707362, 'acc_sigmoid': 0.4900051255766274, 'ap_no_sigmoid': 0.9739398385506316, 'acc_no_sigmoid': 0.9164531009738596}}
C: 1
kernel_types: ['linear', 'poly']
kernel_params: [[0], [1.1, 1.2, 1.3, 1.4, 1.5]]
