result: {0: {'ap': 0.9903010080296896, 'acc': 0.9524296675191816}, 1: {'ap': 0.9903010080296896, 'acc': 0.9524296675191816}, 2: {'ap': 0.9903010080296896, 'acc': 0.9524296675191816}, 3: {'ap': 0.9903010080296896, 'acc': 0.9524296675191816}, 4: {'ap': 0.9903010080296896, 'acc': 0.9524296675191816}, 5: {'ap': 0.9903010080296896, 'acc': 0.9524296675191816}, 6: {'ap': 0.9903010080296896, 'acc': 0.9524296675191816}, 7: {'ap': 0.9903010080296896, 'acc': 0.9524296675191816}, 8: {'ap': 0.9903010080296896, 'acc': 0.9524296675191816}, 9: {'ap': 0.9903010080296896, 'acc': 0.9524296675191816}}
C: 1
kernel_types: ['linear', 'poly']
kernel_params: [[0], [1.1, 1.2, 1.3, 1.4, 1.5]]
