result: {0: {'ap': 0.9902331967714111, 'acc': 0.9522342064714946}, 1: {'ap': 0.9902873057347522, 'acc': 0.9522342064714946}, 2: {'ap': 0.9905922673699215, 'acc': 0.9542886492039034}, 3: {'ap': 0.9902227659576643, 'acc': 0.9522342064714946}, 4: {'ap': 0.9903011174838112, 'acc': 0.9517205957883924}, 5: {'ap': 0.9904725390585238, 'acc': 0.9527478171545968}, 6: {'ap': 0.9906300166999917, 'acc': 0.9542886492039034}, 7: {'ap': 0.9903857083213238, 'acc': 0.9517205957883924}, 8: {'ap': 0.9902154769845543, 'acc': 0.9517205957883924}, 9: {'ap': 0.9902416256617863, 'acc': 0.9517205957883924}}
C: 1
kernel_types: ['linear', 'poly']
kernel_params: [[0], [1.1, 1.2, 1.3, 1.4, 1.5]]
