result: {0: {'ap_sigmoid': 0.9571657539142251, 'acc_sigmoid': 0.48992248062015503, 'ap_no_sigmoid': 0.9573765338962649, 'acc_no_sigmoid': 0.9059431524547804}, 1: {'ap_sigmoid': 0.9570511407575975, 'acc_sigmoid': 0.48992248062015503, 'ap_no_sigmoid': 0.9572783770173404, 'acc_no_sigmoid': 0.9059431524547804}, 2: {'ap_sigmoid': 0.9575824915153803, 'acc_sigmoid': 0.48992248062015503, 'ap_no_sigmoid': 0.9578016325714082, 'acc_no_sigmoid': 0.9085271317829458}, 3: {'ap_sigmoid': 0.956692329150399, 'acc_sigmoid': 0.48992248062015503, 'ap_no_sigmoid': 0.9569286607209242, 'acc_no_sigmoid': 0.9064599483204134}, 4: {'ap_sigmoid': 0.9576605351372871, 'acc_sigmoid': 0.48992248062015503, 'ap_no_sigmoid': 0.9578987850258234, 'acc_no_sigmoid': 0.9069767441860465}, 5: {'ap_sigmoid': 0.957600566281954, 'acc_sigmoid': 0.48992248062015503, 'ap_no_sigmoid': 0.957796360463928, 'acc_no_sigmoid': 0.9074935400516796}, 6: {'ap_sigmoid': 0.9584168813939624, 'acc_sigmoid': 0.48992248062015503, 'ap_no_sigmoid': 0.9585937453987369, 'acc_no_sigmoid': 0.9100775193798449}, 7: {'ap_sigmoid': 0.9568514025047278, 'acc_sigmoid': 0.48992248062015503, 'ap_no_sigmoid': 0.9571003415849595, 'acc_no_sigmoid': 0.9064599483204134}, 8: {'ap_sigmoid': 0.956828583185344, 'acc_sigmoid': 0.48992248062015503, 'ap_no_sigmoid': 0.9570786868178542, 'acc_no_sigmoid': 0.9064599483204134}, 9: {'ap_sigmoid': 0.9572573656522037, 'acc_sigmoid': 0.48992248062015503, 'ap_no_sigmoid': 0.9574533977803629, 'acc_no_sigmoid': 0.9069767441860465}}
C: 1
kernel_types: ['linear', 'poly']
kernel_params: [[0], [1.1, 1.2, 1.3, 1.4, 1.5]]
