result: {0: {'ap': 0.8548522751542709, 'acc': 0.5027638190954774}, 1: {'ap': 0.8505211722737724, 'acc': 0.6120603015075377}, 2: {'ap': 0.8657007146662143, 'acc': 0.7208542713567839}, 3: {'ap': 0.7863120743877365, 'acc': 0.5040201005025126}, 4: {'ap': 0.8123625908773168, 'acc': 0.7339195979899498}, 5: {'ap': 0.9047556075996874, 'acc': 0.7829145728643216}, 6: {'ap': 0.8264597846823019, 'acc': 0.6535175879396985}, 7: {'ap': 0.9003087822497771, 'acc': 0.792713567839196}, 8: {'ap': 0.8721772228419522, 'acc': 0.5005025125628141}, 9: {'ap': 0.7813015650888059, 'acc': 0.5969849246231156}}
C: 1
lambda_L: 1
lambda_D: 1
beta: 100
kernel_types: ['linear', 'poly']
kernel_params: [[0], [1.1, 1.2, 1.3, 1.4, 1.5]]
thr: 0
