result: {0: {'ap_sigmoid': 0.857170881846876, 'acc_sigmoid': 0.5, 'ap_no_sigmoid': 0.8572327538511362, 'acc_no_sigmoid': 0.7507537688442211}, 1: {'ap_sigmoid': 0.864927073935374, 'acc_sigmoid': 0.5, 'ap_no_sigmoid': 0.8658110895024949, 'acc_no_sigmoid': 0.7635678391959799}, 2: {'ap_sigmoid': 0.789566910407202, 'acc_sigmoid': 0.5, 'ap_no_sigmoid': 0.794440787029739, 'acc_no_sigmoid': 0.7545226130653266}, 3: {'ap_sigmoid': 0.8500204356094592, 'acc_sigmoid': 0.5, 'ap_no_sigmoid': 0.8500573868643639, 'acc_no_sigmoid': 0.7414572864321608}, 4: {'ap_sigmoid': 0.7957444136975425, 'acc_sigmoid': 0.5, 'ap_no_sigmoid': 0.7983240282980336, 'acc_no_sigmoid': 0.7419597989949749}, 5: {'ap_sigmoid': 0.8423413046775357, 'acc_sigmoid': 0.5, 'ap_no_sigmoid': 0.8424234552799423, 'acc_no_sigmoid': 0.7266331658291457}, 6: {'ap_sigmoid': 0.8066432663045487, 'acc_sigmoid': 0.5, 'ap_no_sigmoid': 0.8081883629632056, 'acc_no_sigmoid': 0.764321608040201}, 7: {'ap_sigmoid': 0.8858346935749426, 'acc_sigmoid': 0.5, 'ap_no_sigmoid': 0.88588748445682, 'acc_no_sigmoid': 0.7648241206030151}, 8: {'ap_sigmoid': 0.8852506036114374, 'acc_sigmoid': 0.5, 'ap_no_sigmoid': 0.8855361557277814, 'acc_no_sigmoid': 0.7693467336683417}, 9: {'ap_sigmoid': 0.8360513139424129, 'acc_sigmoid': 0.5, 'ap_no_sigmoid': 0.8369290083797445, 'acc_no_sigmoid': 0.7492462311557789}}
C: 1
kernel_types: ['linear']
kernel_params: [[0]]
