result: {0: {'ap': 0.7971249382875107, 'acc': 0.6899497487437186}, 1: {'ap': 0.8302191526704706, 'acc': 0.7670854271356784}, 2: {'ap': 0.7755576774550493, 'acc': 0.7339195979899498}, 3: {'ap': 0.810970385752087, 'acc': 0.678391959798995}, 4: {'ap': 0.785312861132363, 'acc': 0.7188442211055276}, 5: {'ap': 0.8795184594672516, 'acc': 0.7673366834170854}, 6: {'ap': 0.8174948617589376, 'acc': 0.7680904522613066}, 7: {'ap': 0.8666677569796901, 'acc': 0.7482412060301508}, 8: {'ap': 0.7452823721299784, 'acc': 0.6535175879396985}, 9: {'ap': 0.8094033996934299, 'acc': 0.7193467336683417}}
C: 1
lambda_L: 1
lambda_D1: 1
lambda_D2: 1
beta: 100
kernel_types: ['linear', 'poly']
kernel_params: [[0], [1.1, 1.2, 1.3, 1.4, 1.5]]
thr: 0
