result: {0: {'ap': 0.8931586309053561, 'acc': 0.8268733850129198}, 1: {'ap': 0.8988023198130298, 'acc': 0.8304909560723515}, 2: {'ap': 0.8969200272846559, 'acc': 0.8237726098191215}, 3: {'ap': 0.8689146421337985, 'acc': 0.8108527131782945}, 4: {'ap': 0.8945084387358944, 'acc': 0.827906976744186}, 5: {'ap': 0.9012271688448963, 'acc': 0.8351421188630491}, 6: {'ap': 0.8773274525343917, 'acc': 0.8082687338501292}, 7: {'ap': 0.8852458403315878, 'acc': 0.8087855297157622}, 8: {'ap': 0.8997524626577071, 'acc': 0.8268733850129198}, 9: {'ap': 0.8814322744140062, 'acc': 0.8036175710594315}}
C: 1
lambda_L: 1
lambda_D1: 1
lambda_D2: 1
beta: 10000
thr: 0.3
kernel_types: ['linear', 'poly']
kernel_params: [[0], [1.1, 1.2, 1.3, 1.4, 1.5]]
