result: {0: {'ap': 0.9493812734304682, 'acc': 0.635142118863049}, 1: {'ap': 0.9520235918936483, 'acc': 0.6454780361757106}, 2: {'ap': 0.9487311426235395, 'acc': 0.6289405684754522}, 3: {'ap': 0.9494560052759207, 'acc': 0.6315245478036176}, 4: {'ap': 0.9501570152556, 'acc': 0.6310077519379845}, 5: {'ap': 0.9502865495199504, 'acc': 0.641343669250646}, 6: {'ap': 0.9481056470465331, 'acc': 0.6325581395348837}, 7: {'ap': 0.9479142443421651, 'acc': 0.620671834625323}, 8: {'ap': 0.9484082801375381, 'acc': 0.6273901808785529}, 9: {'ap': 0.9492858885873208, 'acc': 0.6310077519379845}}
C: 1
kernel_types: ['linear', 'poly']
kernel_params: [[0], [1.1, 1.2, 1.3, 1.4, 1.5]]
