result: {0: {'ap': 0.9238537368658033, 'acc': 0.8507540301612064}, 1: {'ap': 0.9305537697473614, 'acc': 0.8611544461778471}, 2: {'ap': 0.9255215018357881, 'acc': 0.8507540301612064}, 3: {'ap': 0.9136220507317973, 'acc': 0.8476339053562143}, 4: {'ap': 0.9222019311435002, 'acc': 0.8569942797711908}, 5: {'ap': 0.9204771606184295, 'acc': 0.8481539261570463}, 6: {'ap': 0.908938402554521, 'acc': 0.8367134685387415}, 7: {'ap': 0.9163333218086956, 'acc': 0.8413936557462298}, 8: {'ap': 0.9169025797165453, 'acc': 0.8325533021320853}, 9: {'ap': 0.9051220622489464, 'acc': 0.8268330733229329}}
C: 1
lambda_L: 1
lambda_D1: 1
lambda_D2: 1
beta: 10000
thr: 0.3
kernel_types: ['linear', 'poly']
kernel_params: [[0], [1.1, 1.2, 1.3, 1.4, 1.5]]
