result: {0: {'ap': 0.9550979929830082, 'acc': 0.6626379400945875}, 1: {'ap': 0.9582607287436771, 'acc': 0.6431949553336836}, 2: {'ap': 0.9523717452784867, 'acc': 0.6379400945874935}, 3: {'ap': 0.9572670560376543, 'acc': 0.648975302154493}, 4: {'ap': 0.9560583192851392, 'acc': 0.6363636363636364}, 5: {'ap': 0.9548326352230093, 'acc': 0.6400420388859696}, 6: {'ap': 0.9532734474779015, 'acc': 0.6479243300052548}, 7: {'ap': 0.9550736175494392, 'acc': 0.6615869679453494}, 8: {'ap': 0.955281977404937, 'acc': 0.6311087756174462}, 9: {'ap': 0.9557357487123191, 'acc': 0.6326852338413032}}
C: 1
kernel_types: ['linear', 'poly']
kernel_params: [[0], [1.1, 1.2, 1.3, 1.4, 1.5]]
