result: {0: {'ap_sigmoid': 0.9014811480878403, 'acc_sigmoid': 0.506991196271362, 'ap_no_sigmoid': 0.8991816035116851, 'acc_no_sigmoid': 0.8234075608493009}, 1: {'ap_sigmoid': 0.9001845697817625, 'acc_sigmoid': 0.506991196271362, 'ap_no_sigmoid': 0.8975482923621241, 'acc_no_sigmoid': 0.8228896944588296}, 2: {'ap_sigmoid': 0.898938726389954, 'acc_sigmoid': 0.506991196271362, 'ap_no_sigmoid': 0.8965651652626851, 'acc_no_sigmoid': 0.8213360952874158}, 3: {'ap_sigmoid': 0.8997103888814628, 'acc_sigmoid': 0.506991196271362, 'ap_no_sigmoid': 0.8974189045747656, 'acc_no_sigmoid': 0.8218539616778872}, 4: {'ap_sigmoid': 0.9008355139665226, 'acc_sigmoid': 0.506991196271362, 'ap_no_sigmoid': 0.8985141573563084, 'acc_no_sigmoid': 0.8244432936302434}, 5: {'ap_sigmoid': 0.9004995441049906, 'acc_sigmoid': 0.506991196271362, 'ap_no_sigmoid': 0.8981842650547047, 'acc_no_sigmoid': 0.8228896944588296}, 6: {'ap_sigmoid': 0.8996109718688317, 'acc_sigmoid': 0.506991196271362, 'ap_no_sigmoid': 0.8973201623700696, 'acc_no_sigmoid': 0.8218539616778872}, 7: {'ap_sigmoid': 0.8998577372426776, 'acc_sigmoid': 0.506991196271362, 'ap_no_sigmoid': 0.8976114442670016, 'acc_no_sigmoid': 0.8218539616778872}, 8: {'ap_sigmoid': 0.9000562813047954, 'acc_sigmoid': 0.506991196271362, 'ap_no_sigmoid': 0.8977020281382377, 'acc_no_sigmoid': 0.8223718280683584}, 9: {'ap_sigmoid': 0.899463776811674, 'acc_sigmoid': 0.506991196271362, 'ap_no_sigmoid': 0.8971544171936254, 'acc_no_sigmoid': 0.8218539616778872}}
C: 1
kernel_types: ['linear', 'poly']
kernel_params: [[0], [1.1, 1.2, 1.3, 1.4, 1.5]]
