result: {0: {'ap': 0.9493635508596215, 'acc': 0.6328327291558777}, 1: {'ap': 0.9519017089397962, 'acc': 0.6406007250129466}, 2: {'ap': 0.9489367510617341, 'acc': 0.6286897980321077}, 3: {'ap': 0.9494053035752887, 'acc': 0.629207664422579}, 4: {'ap': 0.950789988399041, 'acc': 0.6338684619368203}, 5: {'ap': 0.9501909185211456, 'acc': 0.6400828586224754}, 6: {'ap': 0.948248666924514, 'acc': 0.6354220611082341}, 7: {'ap': 0.9492344977530138, 'acc': 0.6219575349559814}, 8: {'ap': 0.9505231439330426, 'acc': 0.6286897980321077}, 9: {'ap': 0.9492244910196265, 'acc': 0.6245468669083376}}
C: 1
kernel_types: ['linear', 'poly']
kernel_params: [[0], [1.1, 1.2, 1.3, 1.4, 1.5]]
