result: {0: {'ap_sigmoid': 0.9119733731960598, 'acc_sigmoid': 0.5069623517276947, 'ap_no_sigmoid': 0.909458047090064, 'acc_no_sigmoid': 0.8272305312016504}, 1: {'ap_sigmoid': 0.9116822720642497, 'acc_sigmoid': 0.5069623517276947, 'ap_no_sigmoid': 0.9091508800140706, 'acc_no_sigmoid': 0.8277462609592573}, 2: {'ap_sigmoid': 0.9113098102289877, 'acc_sigmoid': 0.5069623517276947, 'ap_no_sigmoid': 0.9087913036482224, 'acc_no_sigmoid': 0.8267148014440433}, 3: {'ap_sigmoid': 0.9112718313793813, 'acc_sigmoid': 0.5069623517276947, 'ap_no_sigmoid': 0.9087647621958149, 'acc_no_sigmoid': 0.8267148014440433}, 4: {'ap_sigmoid': 0.9113260650890118, 'acc_sigmoid': 0.5069623517276947, 'ap_no_sigmoid': 0.9087998901580123, 'acc_no_sigmoid': 0.8267148014440433}, 5: {'ap_sigmoid': 0.9119593356850576, 'acc_sigmoid': 0.5069623517276947, 'ap_no_sigmoid': 0.9094357001255544, 'acc_no_sigmoid': 0.8272305312016504}, 6: {'ap_sigmoid': 0.91133168115895, 'acc_sigmoid': 0.5069623517276947, 'ap_no_sigmoid': 0.9087957781395638, 'acc_no_sigmoid': 0.8267148014440433}, 7: {'ap_sigmoid': 0.9112674206910523, 'acc_sigmoid': 0.5069623517276947, 'ap_no_sigmoid': 0.9087496501851975, 'acc_no_sigmoid': 0.8261990716864364}, 8: {'ap_sigmoid': 0.9113477910449885, 'acc_sigmoid': 0.5069623517276947, 'ap_no_sigmoid': 0.9087822608882985, 'acc_no_sigmoid': 0.8267148014440433}, 9: {'ap_sigmoid': 0.9115682458749444, 'acc_sigmoid': 0.5069623517276947, 'ap_no_sigmoid': 0.9090845760334008, 'acc_no_sigmoid': 0.8267148014440433}}
C: 1
kernel_types: ['linear', 'poly']
kernel_params: [[0], [1.1, 1.2, 1.3, 1.4, 1.5]]
