result: {0: {'ap': 0.8477244129038286, 'acc': 0.7771487390633042}, 1: {'ap': 0.8477244129038286, 'acc': 0.7771487390633042}, 2: {'ap': 0.8477244129038286, 'acc': 0.7771487390633042}, 3: {'ap': 0.8477244129038286, 'acc': 0.7771487390633042}, 4: {'ap': 0.8477244129038286, 'acc': 0.7771487390633042}, 5: {'ap': 0.8477244129038286, 'acc': 0.7771487390633042}, 6: {'ap': 0.8477244129038286, 'acc': 0.7771487390633042}, 7: {'ap': 0.8477244129038286, 'acc': 0.7771487390633042}, 8: {'ap': 0.8477244129038286, 'acc': 0.7771487390633042}, 9: {'ap': 0.8477244129038286, 'acc': 0.7771487390633042}}
C: 1
lambda_L: 1
lambda_D1: 1
lambda_D2: 1
beta: 10000
thr: 0.3
kernel_types: ['linear', 'poly']
kernel_params: [[0], [1.1, 1.2, 1.3, 1.4, 1.5]]
