result: {0: {'ap': 0.9522289260145115, 'acc': 0.6440146366962886}, 1: {'ap': 0.9578574817647534, 'acc': 0.65446941975954}, 2: {'ap': 0.9515927276073468, 'acc': 0.639832723470988}, 3: {'ap': 0.9544729346173519, 'acc': 0.6455828541557763}, 4: {'ap': 0.9539630323596224, 'acc': 0.6319916361735494}, 5: {'ap': 0.9528530054360712, 'acc': 0.6319916361735494}, 6: {'ap': 0.9513139808869447, 'acc': 0.6445373758494511}, 7: {'ap': 0.9538766803633437, 'acc': 0.658128593831678}, 8: {'ap': 0.9530635404833164, 'acc': 0.6314688970203868}, 9: {'ap': 0.9526492120611304, 'acc': 0.6283324621014114}}
C: 1
kernel_types: ['linear', 'poly']
kernel_params: [[0], [1.1, 1.2, 1.3, 1.4, 1.5]]
