result: {0: {'ap_sigmoid': 0.8870854697024606, 'acc_sigmoid': 0.5070569785676947, 'ap_no_sigmoid': 0.884612233692836, 'acc_no_sigmoid': 0.8123366440146367}, 1: {'ap_sigmoid': 0.8891112760049702, 'acc_sigmoid': 0.5070569785676947, 'ap_no_sigmoid': 0.8862616282185222, 'acc_no_sigmoid': 0.8170412963930999}, 2: {'ap_sigmoid': 0.885853636879297, 'acc_sigmoid': 0.5070569785676947, 'ap_no_sigmoid': 0.8833224241629051, 'acc_no_sigmoid': 0.8102456874019864}, 3: {'ap_sigmoid': 0.8907621460201772, 'acc_sigmoid': 0.5070569785676947, 'ap_no_sigmoid': 0.8880958167850198, 'acc_no_sigmoid': 0.8128593831677993}, 4: {'ap_sigmoid': 0.8874604372334404, 'acc_sigmoid': 0.5070569785676947, 'ap_no_sigmoid': 0.8848116403939694, 'acc_no_sigmoid': 0.8133821223209619}, 5: {'ap_sigmoid': 0.8937393752550579, 'acc_sigmoid': 0.5070569785676947, 'ap_no_sigmoid': 0.8907290265703882, 'acc_no_sigmoid': 0.8128593831677993}, 6: {'ap_sigmoid': 0.8875507200055329, 'acc_sigmoid': 0.5070569785676947, 'ap_no_sigmoid': 0.8852396154723611, 'acc_no_sigmoid': 0.8123366440146367}, 7: {'ap_sigmoid': 0.889231977077208, 'acc_sigmoid': 0.5070569785676947, 'ap_no_sigmoid': 0.8865464309588575, 'acc_no_sigmoid': 0.8102456874019864}, 8: {'ap_sigmoid': 0.8866465657050854, 'acc_sigmoid': 0.5070569785676947, 'ap_no_sigmoid': 0.8841110582244948, 'acc_no_sigmoid': 0.8123366440146367}, 9: {'ap_sigmoid': 0.8875141893912938, 'acc_sigmoid': 0.5070569785676947, 'ap_no_sigmoid': 0.8849392664662645, 'acc_no_sigmoid': 0.810768426555149}}
C: 1
kernel_types: ['linear', 'poly']
kernel_params: [[0], [1.1, 1.2, 1.3, 1.4, 1.5]]
