result: {0: {'ap_sigmoid': 0.8772100067973585, 'acc_sigmoid': 0.5070940620073568, 'ap_no_sigmoid': 0.8748323824484782, 'acc_no_sigmoid': 0.8039936941671045}, 1: {'ap_sigmoid': 0.8780667641928656, 'acc_sigmoid': 0.5070940620073568, 'ap_no_sigmoid': 0.8752292553221532, 'acc_no_sigmoid': 0.8092485549132948}, 2: {'ap_sigmoid': 0.8795890461904555, 'acc_sigmoid': 0.5070940620073568, 'ap_no_sigmoid': 0.8772147678933602, 'acc_no_sigmoid': 0.8076720966894377}, 3: {'ap_sigmoid': 0.8781302562899824, 'acc_sigmoid': 0.5070940620073568, 'ap_no_sigmoid': 0.8758028713436763, 'acc_no_sigmoid': 0.8071466106148187}, 4: {'ap_sigmoid': 0.8772647258977411, 'acc_sigmoid': 0.5070940620073568, 'ap_no_sigmoid': 0.8747582065283004, 'acc_no_sigmoid': 0.8066211245401996}, 5: {'ap_sigmoid': 0.8780664398530489, 'acc_sigmoid': 0.5070940620073568, 'ap_no_sigmoid': 0.8757661154222289, 'acc_no_sigmoid': 0.8039936941671045}, 6: {'ap_sigmoid': 0.8769726698816216, 'acc_sigmoid': 0.5070940620073568, 'ap_no_sigmoid': 0.8746587110889905, 'acc_no_sigmoid': 0.8081975827640567}, 7: {'ap_sigmoid': 0.8765923016681407, 'acc_sigmoid': 0.5070940620073568, 'ap_no_sigmoid': 0.874463392391321, 'acc_no_sigmoid': 0.8060956384655806}, 8: {'ap_sigmoid': 0.8751925318876979, 'acc_sigmoid': 0.5070940620073568, 'ap_no_sigmoid': 0.8728044943389881, 'acc_no_sigmoid': 0.8029427220178665}, 9: {'ap_sigmoid': 0.8784172476828933, 'acc_sigmoid': 0.5070940620073568, 'ap_no_sigmoid': 0.876091397120204, 'acc_no_sigmoid': 0.8055701523909616}}
C: 1
kernel_types: ['linear', 'poly']
kernel_params: [[0], [1.1, 1.2, 1.3, 1.4, 1.5]]
