result: {0: {'ap': 0.9041734638935204, 'acc': 0.8280683583635422}, 1: {'ap': 0.9079276772815017, 'acc': 0.8301398239254273}, 2: {'ap': 0.9123428144148071, 'acc': 0.8410150181253236}, 3: {'ap': 0.8731691338449995, 'acc': 0.8125323666494044}, 4: {'ap': 0.9059381067229456, 'acc': 0.8373899533920248}, 5: {'ap': 0.9010421590085911, 'acc': 0.8415328845157949}, 6: {'ap': 0.8896713964917282, 'acc': 0.8203003625064733}, 7: {'ap': 0.903552149079592, 'acc': 0.8208182288969446}, 8: {'ap': 0.9009214647148506, 'acc': 0.8249611600207146}, 9: {'ap': 0.8884436231840979, 'acc': 0.8114966338684619}}
C: 1
lambda_L: 1
lambda_D1: 1
lambda_D2: 1
beta: 10000
thr: 0.3
kernel_types: ['linear', 'poly']
kernel_params: [[0], [1.1, 1.2, 1.3, 1.4, 1.5]]
