result: {0: {'ap': 0.9489781936378943, 'acc': 0.6395048994326973}, 1: {'ap': 0.9494343167902753, 'acc': 0.630221763795771}, 2: {'ap': 0.948463498994466, 'acc': 0.629706034038164}, 3: {'ap': 0.9481119518641752, 'acc': 0.6271273852501289}, 4: {'ap': 0.9496438324218553, 'acc': 0.6322846828261991}, 5: {'ap': 0.9488883121667778, 'acc': 0.629706034038164}, 6: {'ap': 0.9476041858019612, 'acc': 0.631768953068592}, 7: {'ap': 0.9477090513168895, 'acc': 0.6219700876740588}, 8: {'ap': 0.9480115809747237, 'acc': 0.626611655492522}, 9: {'ap': 0.9484341880070329, 'acc': 0.628158844765343}}
C: 1
kernel_types: ['linear', 'poly']
kernel_params: [[0], [1.1, 1.2, 1.3, 1.4, 1.5]]
