result: {0: {'ap': 0.945127941312868, 'acc': 0.8687924725561944}, 1: {'ap': 0.9442627982790639, 'acc': 0.8771562990067956}, 2: {'ap': 0.9425464254819158, 'acc': 0.8687924725561944}, 3: {'ap': 0.9296069114761439, 'acc': 0.8646105593308939}, 4: {'ap': 0.9422211858232307, 'acc': 0.8745426032409828}, 5: {'ap': 0.939573922888502, 'acc': 0.8771562990067956}, 6: {'ap': 0.9293559527783776, 'acc': 0.8531102979613173}, 7: {'ap': 0.9326926797190269, 'acc': 0.8677469942498693}, 8: {'ap': 0.9287134641695245, 'acc': 0.854678515420805}, 9: {'ap': 0.9251244385836308, 'acc': 0.8452692106638787}}
C: 1
lambda_L: 1
lambda_D1: 1
lambda_D2: 1
beta: 10000
thr: 0.3
kernel_types: ['linear', 'poly']
kernel_params: [[0], [1.1, 1.2, 1.3, 1.4, 1.5]]
