result: {0: {'ap_sigmoid': 0.9171136689486645, 'acc_sigmoid': 0.5069480185280494, 'ap_no_sigmoid': 0.9147517914214703, 'acc_no_sigmoid': 0.8296448790530108}, 1: {'ap_sigmoid': 0.9171136689486645, 'acc_sigmoid': 0.5069480185280494, 'ap_no_sigmoid': 0.9147517914214703, 'acc_no_sigmoid': 0.8296448790530108}, 2: {'ap_sigmoid': 0.9171136689486645, 'acc_sigmoid': 0.5069480185280494, 'ap_no_sigmoid': 0.9147517914214703, 'acc_no_sigmoid': 0.8296448790530108}, 3: {'ap_sigmoid': 0.9171136689486645, 'acc_sigmoid': 0.5069480185280494, 'ap_no_sigmoid': 0.9147517914214703, 'acc_no_sigmoid': 0.8296448790530108}, 4: {'ap_sigmoid': 0.9171136689486645, 'acc_sigmoid': 0.5069480185280494, 'ap_no_sigmoid': 0.9147517914214703, 'acc_no_sigmoid': 0.8296448790530108}, 5: {'ap_sigmoid': 0.9171136689486645, 'acc_sigmoid': 0.5069480185280494, 'ap_no_sigmoid': 0.9147517914214703, 'acc_no_sigmoid': 0.8296448790530108}, 6: {'ap_sigmoid': 0.9171136689486645, 'acc_sigmoid': 0.5069480185280494, 'ap_no_sigmoid': 0.9147517914214703, 'acc_no_sigmoid': 0.8296448790530108}, 7: {'ap_sigmoid': 0.9171136689486645, 'acc_sigmoid': 0.5069480185280494, 'ap_no_sigmoid': 0.9147517914214703, 'acc_no_sigmoid': 0.8296448790530108}, 8: {'ap_sigmoid': 0.9171136689486645, 'acc_sigmoid': 0.5069480185280494, 'ap_no_sigmoid': 0.9147517914214703, 'acc_no_sigmoid': 0.8296448790530108}, 9: {'ap_sigmoid': 0.9171136689486645, 'acc_sigmoid': 0.5069480185280494, 'ap_no_sigmoid': 0.9147517914214703, 'acc_no_sigmoid': 0.8296448790530108}}
C: 1
kernel_types: ['linear', 'poly']
kernel_params: [[0], [1.1, 1.2, 1.3, 1.4, 1.5]]
