result: {0: {'ap_sigmoid': 0.8928545907733372, 'acc_sigmoid': 0.5070202808112324, 'ap_no_sigmoid': 0.8905462956227921, 'acc_no_sigmoid': 0.8174726989079563}, 1: {'ap_sigmoid': 0.892611887367448, 'acc_sigmoid': 0.5070202808112324, 'ap_no_sigmoid': 0.8899790941717324, 'acc_no_sigmoid': 0.8200728029121165}, 2: {'ap_sigmoid': 0.8915516381913092, 'acc_sigmoid': 0.5070202808112324, 'ap_no_sigmoid': 0.8891900858282801, 'acc_no_sigmoid': 0.8164326573062922}, 3: {'ap_sigmoid': 0.8915155214765796, 'acc_sigmoid': 0.5070202808112324, 'ap_no_sigmoid': 0.889213917630981, 'acc_no_sigmoid': 0.8164326573062922}, 4: {'ap_sigmoid': 0.89183867553769, 'acc_sigmoid': 0.5070202808112324, 'ap_no_sigmoid': 0.8894881023300415, 'acc_no_sigmoid': 0.8185127405096204}, 5: {'ap_sigmoid': 0.8964653606073776, 'acc_sigmoid': 0.5070202808112324, 'ap_no_sigmoid': 0.8938615167231808, 'acc_no_sigmoid': 0.8185127405096204}, 6: {'ap_sigmoid': 0.891010168946482, 'acc_sigmoid': 0.5070202808112324, 'ap_no_sigmoid': 0.888619902394209, 'acc_no_sigmoid': 0.8164326573062922}, 7: {'ap_sigmoid': 0.891992109128243, 'acc_sigmoid': 0.5070202808112324, 'ap_no_sigmoid': 0.8897028941298369, 'acc_no_sigmoid': 0.8164326573062922}, 8: {'ap_sigmoid': 0.8917048113266013, 'acc_sigmoid': 0.5070202808112324, 'ap_no_sigmoid': 0.8892907878982027, 'acc_no_sigmoid': 0.8179927197087884}, 9: {'ap_sigmoid': 0.8918670048867499, 'acc_sigmoid': 0.5070202808112324, 'ap_no_sigmoid': 0.8895633493551339, 'acc_no_sigmoid': 0.8164326573062922}}
C: 1
kernel_types: ['linear', 'poly']
kernel_params: [[0], [1.1, 1.2, 1.3, 1.4, 1.5]]
