result: {0: {'ap': 0.8699331639223706, 'acc': 0.7952552862300155}, 1: {'ap': 0.8792290884562045, 'acc': 0.8117586384734399}, 2: {'ap': 0.8727744207882046, 'acc': 0.8102114492006188}, 3: {'ap': 0.8509508293931309, 'acc': 0.7818463125322331}, 4: {'ap': 0.8837319882562925, 'acc': 0.813821557503868}, 5: {'ap': 0.8921201105286349, 'acc': 0.8225889633831872}, 6: {'ap': 0.8598494925536767, 'acc': 0.7983496647756576}, 7: {'ap': 0.8618507823504229, 'acc': 0.7839092315626611}, 8: {'ap': 0.8819081963518063, 'acc': 0.8102114492006188}, 9: {'ap': 0.8803821484823077, 'acc': 0.8102114492006188}}
C: 1
lambda_L: 1
lambda_D1: 1
lambda_D2: 1
beta: 10000
thr: 0.3
kernel_types: ['linear', 'poly']
kernel_params: [[0], [1.1, 1.2, 1.3, 1.4, 1.5]]
