result: {0: {'ap_sigmoid': 0.9090800943645794, 'acc_sigmoid': 0.5069767441860465, 'ap_no_sigmoid': 0.9065567681379356, 'acc_no_sigmoid': 0.8248062015503876}, 1: {'ap_sigmoid': 0.9087794380311542, 'acc_sigmoid': 0.5069767441860465, 'ap_no_sigmoid': 0.9062316530246373, 'acc_no_sigmoid': 0.8253229974160207}, 2: {'ap_sigmoid': 0.9078078494652128, 'acc_sigmoid': 0.5069767441860465, 'ap_no_sigmoid': 0.9052010772881243, 'acc_no_sigmoid': 0.8237726098191215}, 3: {'ap_sigmoid': 0.9082084256948717, 'acc_sigmoid': 0.5069767441860465, 'ap_no_sigmoid': 0.905651758097909, 'acc_no_sigmoid': 0.8242894056847545}, 4: {'ap_sigmoid': 0.909391879119099, 'acc_sigmoid': 0.5069767441860465, 'ap_no_sigmoid': 0.9067933715087979, 'acc_no_sigmoid': 0.8263565891472868}, 5: {'ap_sigmoid': 0.9093970661081615, 'acc_sigmoid': 0.5069767441860465, 'ap_no_sigmoid': 0.9068082050492229, 'acc_no_sigmoid': 0.8253229974160207}, 6: {'ap_sigmoid': 0.9086440850817971, 'acc_sigmoid': 0.5069767441860465, 'ap_no_sigmoid': 0.9060512546788663, 'acc_no_sigmoid': 0.8242894056847545}, 7: {'ap_sigmoid': 0.90830295037443, 'acc_sigmoid': 0.5069767441860465, 'ap_no_sigmoid': 0.9057234292930469, 'acc_no_sigmoid': 0.8237726098191215}, 8: {'ap_sigmoid': 0.9088903471645585, 'acc_sigmoid': 0.5069767441860465, 'ap_no_sigmoid': 0.9063539625239263, 'acc_no_sigmoid': 0.8242894056847545}, 9: {'ap_sigmoid': 0.9085440115127332, 'acc_sigmoid': 0.5069767441860465, 'ap_no_sigmoid': 0.9060175536887436, 'acc_no_sigmoid': 0.8242894056847545}}
C: 1
kernel_types: ['linear', 'poly']
kernel_params: [[0], [1.1, 1.2, 1.3, 1.4, 1.5]]
