result: {0: {'ap': 0.9478036148566088, 'acc': 0.6278950077200206}, 1: {'ap': 0.9478036148566088, 'acc': 0.6278950077200206}, 2: {'ap': 0.9478036148566088, 'acc': 0.6278950077200206}, 3: {'ap': 0.9478036148566088, 'acc': 0.6278950077200206}, 4: {'ap': 0.9478036148566088, 'acc': 0.6278950077200206}, 5: {'ap': 0.9478036148566088, 'acc': 0.6278950077200206}, 6: {'ap': 0.9478036148566088, 'acc': 0.6278950077200206}, 7: {'ap': 0.9478036148566088, 'acc': 0.6278950077200206}, 8: {'ap': 0.9478036148566088, 'acc': 0.6278950077200206}, 9: {'ap': 0.9478036148566088, 'acc': 0.6278950077200206}}
C: 1
kernel_types: ['linear', 'poly']
kernel_params: [[0], [1.1, 1.2, 1.3, 1.4, 1.5]]
