result: {0: {'ap': 0.9508928464844854, 'acc': 0.6380655226209049}, 1: {'ap': 0.9541153919600387, 'acc': 0.6427457098283932}, 2: {'ap': 0.9505955218210177, 'acc': 0.641705668226729}, 3: {'ap': 0.9512743548569288, 'acc': 0.6302652106084243}, 4: {'ap': 0.9521022848235018, 'acc': 0.6318252730109204}, 5: {'ap': 0.9523725532967603, 'acc': 0.642225689027561}, 6: {'ap': 0.9494498479512171, 'acc': 0.6385855434217369}, 7: {'ap': 0.9508622303363554, 'acc': 0.641185647425897}, 8: {'ap': 0.9513502571285943, 'acc': 0.625585023400936}, 9: {'ap': 0.9502852184253016, 'acc': 0.6214248569942797}}
C: 1
kernel_types: ['linear', 'poly']
kernel_params: [[0], [1.1, 1.2, 1.3, 1.4, 1.5]]
