result: {0: {'ap': 0.9485859941695212, 'acc': 0.8765107724645297}, 1: {'ap': 0.95015522935833, 'acc': 0.8807146610614819}, 2: {'ap': 0.9443038533876575, 'acc': 0.8696794534944824}, 3: {'ap': 0.9377072806611559, 'acc': 0.8754598003152917}, 4: {'ap': 0.9483748023421044, 'acc': 0.8796636889122438}, 5: {'ap': 0.9475278592076121, 'acc': 0.8759852863899107}, 6: {'ap': 0.9420876789562851, 'acc': 0.8681029952706253}, 7: {'ap': 0.9366820428397992, 'acc': 0.8696794534944824}, 8: {'ap': 0.9344609443086026, 'acc': 0.8644245927482922}, 9: {'ap': 0.937730645355272, 'acc': 0.8633736205990541}}
C: 1
lambda_L: 1
lambda_D1: 1
lambda_D2: 1
beta: 10000
thr: 0.3
kernel_types: ['linear', 'poly']
kernel_params: [[0], [1.1, 1.2, 1.3, 1.4, 1.5]]
