result: {0: {'ap': 0.9770457881515155, 'acc': 0.8918640576725025}, 1: {'ap': 0.9801494817216811, 'acc': 0.9042224510813595}, 2: {'ap': 0.9797780066698525, 'acc': 0.9073120494335737}, 3: {'ap': 0.979082356681211, 'acc': 0.9006179196704428}, 4: {'ap': 0.9781461496098524, 'acc': 0.8928939237899073}, 5: {'ap': 0.9783404315068609, 'acc': 0.8913491246138002}, 6: {'ap': 0.9793252376656737, 'acc': 0.8928939237899073}, 7: {'ap': 0.9771629843532348, 'acc': 0.8867147270854789}, 8: {'ap': 0.9776320062030663, 'acc': 0.888259526261586}, 9: {'ap': 0.978145518689658, 'acc': 0.8867147270854789}}
C: 1
lambda_L: 1
lambda_D1: 1
lambda_D2: 1
beta: 10000
thr: 0.3
kernel_types: ['linear', 'poly']
kernel_params: [[0], [1.1, 1.2, 1.3, 1.4, 1.5]]
