result: {0: {'ap_sigmoid': 0.9429422589585923, 'acc_sigmoid': 0.5030581039755352, 'ap_no_sigmoid': 0.9439448633257823, 'acc_no_sigmoid': 0.8669724770642202}, 1: {'ap_sigmoid': 0.9418973212439667, 'acc_sigmoid': 0.5030581039755352, 'ap_no_sigmoid': 0.9428683674035432, 'acc_no_sigmoid': 0.8654434250764526}, 2: {'ap_sigmoid': 0.9420444394395053, 'acc_sigmoid': 0.5030581039755352, 'ap_no_sigmoid': 0.9430079485303555, 'acc_no_sigmoid': 0.8654434250764526}, 3: {'ap_sigmoid': 0.9413473882434953, 'acc_sigmoid': 0.5030581039755352, 'ap_no_sigmoid': 0.9423140403359961, 'acc_no_sigmoid': 0.8644240570846076}, 4: {'ap_sigmoid': 0.9454751153910455, 'acc_sigmoid': 0.5030581039755352, 'ap_no_sigmoid': 0.9465747325717163, 'acc_no_sigmoid': 0.8664627930682977}, 5: {'ap_sigmoid': 0.9455334141539794, 'acc_sigmoid': 0.5030581039755352, 'ap_no_sigmoid': 0.9464380677780264, 'acc_no_sigmoid': 0.8654434250764526}, 6: {'ap_sigmoid': 0.9423042411641358, 'acc_sigmoid': 0.5030581039755352, 'ap_no_sigmoid': 0.9432187942359754, 'acc_no_sigmoid': 0.8664627930682977}, 7: {'ap_sigmoid': 0.9420480682638069, 'acc_sigmoid': 0.5030581039755352, 'ap_no_sigmoid': 0.9429957361384826, 'acc_no_sigmoid': 0.8654434250764526}, 8: {'ap_sigmoid': 0.9428257491220098, 'acc_sigmoid': 0.5030581039755352, 'ap_no_sigmoid': 0.9437983551407045, 'acc_no_sigmoid': 0.8669724770642202}, 9: {'ap_sigmoid': 0.9428250185143809, 'acc_sigmoid': 0.5030581039755352, 'ap_no_sigmoid': 0.9438957729583864, 'acc_no_sigmoid': 0.8659531090723751}}
C: 1
kernel_types: ['linear', 'poly']
kernel_params: [[0], [1.1, 1.2, 1.3, 1.4, 1.5]]
