result: {0: {'ap': 0.9738223992714581, 'acc': 0.8729508196721312}, 1: {'ap': 0.9761222095240603, 'acc': 0.8826844262295082}, 2: {'ap': 0.9777513877147127, 'acc': 0.8970286885245902}, 3: {'ap': 0.9755927333408244, 'acc': 0.8898565573770492}, 4: {'ap': 0.975389344402464, 'acc': 0.8862704918032787}, 5: {'ap': 0.9740387268218873, 'acc': 0.8775614754098361}, 6: {'ap': 0.9747728950404451, 'acc': 0.8729508196721312}, 7: {'ap': 0.9719856046664026, 'acc': 0.8662909836065574}, 8: {'ap': 0.9746343195791257, 'acc': 0.8698770491803278}, 9: {'ap': 0.9734164349798681, 'acc': 0.8770491803278688}}
C: 1
lambda_L: 1
lambda_D1: 1
lambda_D2: 1
beta: 10000
thr: 0.3
kernel_types: ['linear', 'poly']
kernel_params: [[0], [1.1, 1.2, 1.3, 1.4, 1.5]]
