result: {0: {'ap': 0.9702556197159682, 'acc': 0.8583078491335372}, 1: {'ap': 0.9722891885671362, 'acc': 0.8608562691131498}, 2: {'ap': 0.9742360405193582, 'acc': 0.8786952089704383}, 3: {'ap': 0.9741169467989386, 'acc': 0.8776758409785933}, 4: {'ap': 0.9703533250518871, 'acc': 0.8593272171253823}, 5: {'ap': 0.9707143644668805, 'acc': 0.8557594291539246}, 6: {'ap': 0.9683862078499029, 'acc': 0.8445463812436289}, 7: {'ap': 0.9708497224560451, 'acc': 0.8577981651376146}, 8: {'ap': 0.9727710161760466, 'acc': 0.8634046890927625}, 9: {'ap': 0.9705660698641447, 'acc': 0.8603465851172273}}
C: 1
lambda_L: 1
lambda_D1: 1
lambda_D2: 1
beta: 10000
thr: 0.3
kernel_types: ['linear', 'poly']
kernel_params: [[0], [1.1, 1.2, 1.3, 1.4, 1.5]]
