result: {0: {'ap': 0.9813339010171189, 'acc': 0.8396516393442623}, 1: {'ap': 0.9817054961677256, 'acc': 0.8427254098360656}, 2: {'ap': 0.9819172456627855, 'acc': 0.8452868852459017}, 3: {'ap': 0.9817278782927744, 'acc': 0.8483606557377049}, 4: {'ap': 0.9814226260289453, 'acc': 0.8468237704918032}, 5: {'ap': 0.981080583172018, 'acc': 0.8140368852459017}, 6: {'ap': 0.9801684718628993, 'acc': 0.8473360655737705}, 7: {'ap': 0.9807151415486555, 'acc': 0.8468237704918032}, 8: {'ap': 0.9818581772826852, 'acc': 0.8534836065573771}, 9: {'ap': 0.9823799835692686, 'acc': 0.8662909836065574}}
C: 1
kernel_types: ['linear', 'poly']
kernel_params: [[0], [1.1, 1.2, 1.3, 1.4, 1.5]]
