result: {0: {'ap': 0.9802659345548139, 'acc': 0.8390862944162436}, 1: {'ap': 0.980315414984013, 'acc': 0.8461928934010152}, 2: {'ap': 0.9808530751495665, 'acc': 0.8543147208121827}, 3: {'ap': 0.980835466898337, 'acc': 0.849238578680203}, 4: {'ap': 0.980694643140734, 'acc': 0.8451776649746193}, 5: {'ap': 0.9803083019307477, 'acc': 0.8385786802030457}, 6: {'ap': 0.9798555224728335, 'acc': 0.8482233502538071}, 7: {'ap': 0.9797639443882659, 'acc': 0.8345177664974619}, 8: {'ap': 0.9811965233702461, 'acc': 0.8467005076142132}, 9: {'ap': 0.9814719806916471, 'acc': 0.8578680203045685}}
C: 1
kernel_types: ['linear', 'poly']
kernel_params: [[0], [1.1, 1.2, 1.3, 1.4, 1.5]]
