result: {0: {'ap_sigmoid': 0.9315552868374941, 'acc_sigmoid': 0.5030895983522142, 'ap_no_sigmoid': 0.9323826265437437, 'acc_no_sigmoid': 0.8568486096807415}, 1: {'ap_sigmoid': 0.9313211233722367, 'acc_sigmoid': 0.5030895983522142, 'ap_no_sigmoid': 0.9322533400018935, 'acc_no_sigmoid': 0.8553038105046344}, 2: {'ap_sigmoid': 0.9296538787886997, 'acc_sigmoid': 0.5030895983522142, 'ap_no_sigmoid': 0.9304314957382568, 'acc_no_sigmoid': 0.853244078269825}, 3: {'ap_sigmoid': 0.9304081956830346, 'acc_sigmoid': 0.5030895983522142, 'ap_no_sigmoid': 0.9312671622747294, 'acc_no_sigmoid': 0.8527291452111225}, 4: {'ap_sigmoid': 0.9295066034806847, 'acc_sigmoid': 0.5030895983522142, 'ap_no_sigmoid': 0.9299643823008834, 'acc_no_sigmoid': 0.8553038105046344}, 5: {'ap_sigmoid': 0.934238527564955, 'acc_sigmoid': 0.5030895983522142, 'ap_no_sigmoid': 0.9345856717481973, 'acc_no_sigmoid': 0.8563336766220392}, 6: {'ap_sigmoid': 0.9305336501655926, 'acc_sigmoid': 0.5030895983522142, 'ap_no_sigmoid': 0.9313316526006504, 'acc_no_sigmoid': 0.854788877445932}, 7: {'ap_sigmoid': 0.9298517668158192, 'acc_sigmoid': 0.5030895983522142, 'ap_no_sigmoid': 0.9302892614729905, 'acc_no_sigmoid': 0.8537590113285273}, 8: {'ap_sigmoid': 0.9325478713269291, 'acc_sigmoid': 0.5030895983522142, 'ap_no_sigmoid': 0.9332562103837792, 'acc_no_sigmoid': 0.854788877445932}, 9: {'ap_sigmoid': 0.9353076662605995, 'acc_sigmoid': 0.5030895983522142, 'ap_no_sigmoid': 0.9359980124351984, 'acc_no_sigmoid': 0.8553038105046344}}
C: 1
kernel_types: ['linear', 'poly']
kernel_params: [[0], [1.1, 1.2, 1.3, 1.4, 1.5]]
