result: {0: {'ap': 0.979968996712008, 'acc': 0.8461150353178607}, 1: {'ap': 0.979968996712008, 'acc': 0.8461150353178607}, 2: {'ap': 0.979968996712008, 'acc': 0.8461150353178607}, 3: {'ap': 0.979968996712008, 'acc': 0.8461150353178607}, 4: {'ap': 0.979968996712008, 'acc': 0.8461150353178607}, 5: {'ap': 0.979968996712008, 'acc': 0.8461150353178607}, 6: {'ap': 0.979968996712008, 'acc': 0.8461150353178607}, 7: {'ap': 0.979968996712008, 'acc': 0.8461150353178607}, 8: {'ap': 0.979968996712008, 'acc': 0.8461150353178607}, 9: {'ap': 0.979968996712008, 'acc': 0.8461150353178607}}
C: 1
kernel_types: ['linear', 'poly']
kernel_params: [[0], [1.1, 1.2, 1.3, 1.4, 1.5]]
