result: {0: {'ap': 0.9615025892005015, 'acc': 0.8193743693239153}, 1: {'ap': 0.9615025892005015, 'acc': 0.8193743693239153}, 2: {'ap': 0.9615025892005015, 'acc': 0.8193743693239153}, 3: {'ap': 0.9615025892005015, 'acc': 0.8193743693239153}, 4: {'ap': 0.9615025892005015, 'acc': 0.8193743693239153}, 5: {'ap': 0.9615025892005015, 'acc': 0.8193743693239153}, 6: {'ap': 0.9615025892005015, 'acc': 0.8193743693239153}, 7: {'ap': 0.9615025892005015, 'acc': 0.8193743693239153}, 8: {'ap': 0.9615025892005015, 'acc': 0.8193743693239153}, 9: {'ap': 0.9615025892005015, 'acc': 0.8193743693239153}}
C: 1
lambda_L: 1
lambda_D1: 1
lambda_D2: 1
beta: 10000
thr: 0.3
kernel_types: ['linear', 'poly']
kernel_params: [[0], [1.1, 1.2, 1.3, 1.4, 1.5]]
