result: {0: {'ap': 0.9803402574695768, 'acc': 0.8473205257836198}, 1: {'ap': 0.9798471129068111, 'acc': 0.8523761375126391}, 2: {'ap': 0.9799662620041582, 'acc': 0.8437815975733064}, 3: {'ap': 0.9805870495946106, 'acc': 0.8483316481294236}, 4: {'ap': 0.9798655124228205, 'acc': 0.8442871587462083}, 5: {'ap': 0.979844954481104, 'acc': 0.840242669362993}, 6: {'ap': 0.9799120760699223, 'acc': 0.845803842264914}, 7: {'ap': 0.9798333374547907, 'acc': 0.8473205257836198}, 8: {'ap': 0.9804710997485405, 'acc': 0.846309403437816}, 9: {'ap': 0.9814161022648502, 'acc': 0.8523761375126391}}
C: 1
kernel_types: ['linear', 'poly']
kernel_params: [[0], [1.1, 1.2, 1.3, 1.4, 1.5]]
