result: {0: {'ap': 0.981596695188388, 'acc': 0.8414006179196705}, 1: {'ap': 0.9822867570984593, 'acc': 0.833676622039135}, 2: {'ap': 0.9820790066567683, 'acc': 0.8516992790937178}, 3: {'ap': 0.9814702310135128, 'acc': 0.8465499485066942}, 4: {'ap': 0.9818709870291658, 'acc': 0.8563336766220392}, 5: {'ap': 0.9816320017003884, 'acc': 0.8125643666323378}, 6: {'ap': 0.980694949481591, 'acc': 0.8398558187435633}, 7: {'ap': 0.9810344245344301, 'acc': 0.8367662203913491}, 8: {'ap': 0.98174395080093, 'acc': 0.8439752832131823}, 9: {'ap': 0.9827552546743945, 'acc': 0.8717816683831102}}
C: 1
kernel_types: ['linear', 'poly']
kernel_params: [[0], [1.1, 1.2, 1.3, 1.4, 1.5]]
