result: {0: {'ap': 0.9642999435373699, 'acc': 0.833164812942366}, 1: {'ap': 0.9610021505920598, 'acc': 0.8225480283114257}, 2: {'ap': 0.9664206468359153, 'acc': 0.8452982810920121}, 3: {'ap': 0.967399910401233, 'acc': 0.8483316481294236}, 4: {'ap': 0.9612540041447417, 'acc': 0.8215369059656218}, 5: {'ap': 0.963130167307653, 'acc': 0.8291203235591507}, 6: {'ap': 0.9627445763019857, 'acc': 0.8250758341759353}, 7: {'ap': 0.9625522703420486, 'acc': 0.8296258847320526}, 8: {'ap': 0.9664374663138932, 'acc': 0.8377148634984833}, 9: {'ap': 0.9656989194856673, 'acc': 0.8336703741152679}}
C: 1
lambda_L: 1
lambda_D1: 1
lambda_D2: 1
beta: 10000
thr: 0.3
kernel_types: ['linear', 'poly']
kernel_params: [[0], [1.1, 1.2, 1.3, 1.4, 1.5]]
