result: {0: {'ap_sigmoid': 0.9467430486499698, 'acc_sigmoid': 0.5030456852791878, 'ap_no_sigmoid': 0.947514695561184, 'acc_no_sigmoid': 0.8700507614213198}, 1: {'ap_sigmoid': 0.9472566417532925, 'acc_sigmoid': 0.5030456852791878, 'ap_no_sigmoid': 0.9481147404809677, 'acc_no_sigmoid': 0.8710659898477158}, 2: {'ap_sigmoid': 0.9463367838264075, 'acc_sigmoid': 0.5030456852791878, 'ap_no_sigmoid': 0.9471720815441833, 'acc_no_sigmoid': 0.8685279187817259}, 3: {'ap_sigmoid': 0.9473610768696645, 'acc_sigmoid': 0.5030456852791878, 'ap_no_sigmoid': 0.9482368769310854, 'acc_no_sigmoid': 0.8710659898477158}, 4: {'ap_sigmoid': 0.9471063546230599, 'acc_sigmoid': 0.5030456852791878, 'ap_no_sigmoid': 0.9479664333655854, 'acc_no_sigmoid': 0.8700507614213198}, 5: {'ap_sigmoid': 0.9508512772001197, 'acc_sigmoid': 0.5030456852791878, 'ap_no_sigmoid': 0.9516302928176927, 'acc_no_sigmoid': 0.8700507614213198}, 6: {'ap_sigmoid': 0.9471601074364379, 'acc_sigmoid': 0.5030456852791878, 'ap_no_sigmoid': 0.9479947829063886, 'acc_no_sigmoid': 0.8700507614213198}, 7: {'ap_sigmoid': 0.9466897899687596, 'acc_sigmoid': 0.5030456852791878, 'ap_no_sigmoid': 0.9475433265752029, 'acc_no_sigmoid': 0.8690355329949239}, 8: {'ap_sigmoid': 0.9472535985190372, 'acc_sigmoid': 0.5030456852791878, 'ap_no_sigmoid': 0.9480999444437822, 'acc_no_sigmoid': 0.8700507614213198}, 9: {'ap_sigmoid': 0.947912053046909, 'acc_sigmoid': 0.5030456852791878, 'ap_no_sigmoid': 0.9487670108183272, 'acc_no_sigmoid': 0.8705583756345178}}
C: 1
kernel_types: ['linear', 'poly']
kernel_params: [[0], [1.1, 1.2, 1.3, 1.4, 1.5]]
