result: {0: {'ap_sigmoid': 0.9358350011809614, 'acc_sigmoid': 0.5030737704918032, 'ap_no_sigmoid': 0.9366563660028491, 'acc_no_sigmoid': 0.8601434426229508}, 1: {'ap_sigmoid': 0.9358163721778123, 'acc_sigmoid': 0.5030737704918032, 'ap_no_sigmoid': 0.9366330246237058, 'acc_no_sigmoid': 0.8596311475409836}, 2: {'ap_sigmoid': 0.9388311647096313, 'acc_sigmoid': 0.5030737704918032, 'ap_no_sigmoid': 0.9394494238716213, 'acc_no_sigmoid': 0.8601434426229508}, 3: {'ap_sigmoid': 0.9359976333006758, 'acc_sigmoid': 0.5030737704918032, 'ap_no_sigmoid': 0.9368216741820129, 'acc_no_sigmoid': 0.8601434426229508}, 4: {'ap_sigmoid': 0.9354638158128546, 'acc_sigmoid': 0.5030737704918032, 'ap_no_sigmoid': 0.9362137457554145, 'acc_no_sigmoid': 0.8601434426229508}, 5: {'ap_sigmoid': 0.9396136038200472, 'acc_sigmoid': 0.5030737704918032, 'ap_no_sigmoid': 0.9401922942447107, 'acc_no_sigmoid': 0.8591188524590164}, 6: {'ap_sigmoid': 0.9364171620767165, 'acc_sigmoid': 0.5030737704918032, 'ap_no_sigmoid': 0.9372305893274381, 'acc_no_sigmoid': 0.8596311475409836}, 7: {'ap_sigmoid': 0.9355294321604193, 'acc_sigmoid': 0.5030737704918032, 'ap_no_sigmoid': 0.9362905764148208, 'acc_no_sigmoid': 0.8596311475409836}, 8: {'ap_sigmoid': 0.9369470787024494, 'acc_sigmoid': 0.5030737704918032, 'ap_no_sigmoid': 0.937697014168178, 'acc_no_sigmoid': 0.8611680327868853}, 9: {'ap_sigmoid': 0.936083629385477, 'acc_sigmoid': 0.5030737704918032, 'ap_no_sigmoid': 0.9368903531695011, 'acc_no_sigmoid': 0.860655737704918}}
C: 1
kernel_types: ['linear', 'poly']
kernel_params: [[0], [1.1, 1.2, 1.3, 1.4, 1.5]]
