result: {0: {'ap': 0.9668362842731704, 'acc': 0.8429584599797366}, 1: {'ap': 0.9660292718310397, 'acc': 0.8343465045592705}, 2: {'ap': 0.9697207770710852, 'acc': 0.85612968591692}, 3: {'ap': 0.9700321805988326, 'acc': 0.8515704154002026}, 4: {'ap': 0.9642824224064528, 'acc': 0.8424518743667679}, 5: {'ap': 0.9638475239072174, 'acc': 0.8328267477203647}, 6: {'ap': 0.9639773952814441, 'acc': 0.8348530901722391}, 7: {'ap': 0.9642232460337306, 'acc': 0.8343465045592705}, 8: {'ap': 0.9695647561724621, 'acc': 0.8485309017223911}, 9: {'ap': 0.9683375533025383, 'acc': 0.8480243161094225}}
C: 1
lambda_L: 1
lambda_D1: 1
lambda_D2: 1
beta: 10000
thr: 0.3
kernel_types: ['linear', 'poly']
kernel_params: [[0], [1.1, 1.2, 1.3, 1.4, 1.5]]
