result: {0: {'ap': 0.9808908555086746, 'acc': 0.8501529051987767}, 1: {'ap': 0.981043020681628, 'acc': 0.8374108053007135}, 2: {'ap': 0.9811870103140483, 'acc': 0.8419979612640163}, 3: {'ap': 0.9813387368282436, 'acc': 0.8537206931702345}, 4: {'ap': 0.9809882392143559, 'acc': 0.8516819571865444}, 5: {'ap': 0.9808761291375108, 'acc': 0.8256880733944955}, 6: {'ap': 0.9798631825134572, 'acc': 0.8521916411824668}, 7: {'ap': 0.9803941242177251, 'acc': 0.8389398572884812}, 8: {'ap': 0.9813316571522354, 'acc': 0.855249745158002}, 9: {'ap': 0.9818905987712443, 'acc': 0.8618756371049949}}
C: 1
kernel_types: ['linear', 'poly']
kernel_params: [[0], [1.1, 1.2, 1.3, 1.4, 1.5]]
