result: {0: {'ap': 0.9801775005125222, 'acc': 0.839918946301925}, 1: {'ap': 0.9803807484037148, 'acc': 0.8449848024316109}, 2: {'ap': 0.9805800198080707, 'acc': 0.8465045592705167}, 3: {'ap': 0.9806331999792182, 'acc': 0.8505572441742655}, 4: {'ap': 0.9807982350664013, 'acc': 0.8520770010131712}, 5: {'ap': 0.979883921561233, 'acc': 0.8414387031408308}, 6: {'ap': 0.9798561338394377, 'acc': 0.8525835866261399}, 7: {'ap': 0.9799166332524337, 'acc': 0.8449848024316109}, 8: {'ap': 0.9808983096202295, 'acc': 0.8470111448834853}, 9: {'ap': 0.9813624237573526, 'acc': 0.8556231003039514}}
C: 1
kernel_types: ['linear', 'poly']
kernel_params: [[0], [1.1, 1.2, 1.3, 1.4, 1.5]]
