result: {0: {'ap_sigmoid': 0.9579500820446208, 'acc_sigmoid': 0.5030333670374115, 'ap_no_sigmoid': 0.958849309303719, 'acc_no_sigmoid': 0.8751263902932255}, 1: {'ap_sigmoid': 0.9577918378158818, 'acc_sigmoid': 0.5030333670374115, 'ap_no_sigmoid': 0.9586906751070565, 'acc_no_sigmoid': 0.8746208291203236}, 2: {'ap_sigmoid': 0.9576636902434504, 'acc_sigmoid': 0.5030333670374115, 'ap_no_sigmoid': 0.9585647296702795, 'acc_no_sigmoid': 0.8746208291203236}, 3: {'ap_sigmoid': 0.9577900796281852, 'acc_sigmoid': 0.5030333670374115, 'ap_no_sigmoid': 0.9586999409499286, 'acc_no_sigmoid': 0.8746208291203236}, 4: {'ap_sigmoid': 0.9581389579375031, 'acc_sigmoid': 0.5030333670374115, 'ap_no_sigmoid': 0.9590526791821762, 'acc_no_sigmoid': 0.8751263902932255}, 5: {'ap_sigmoid': 0.9578962598934417, 'acc_sigmoid': 0.5030333670374115, 'ap_no_sigmoid': 0.9588038179354655, 'acc_no_sigmoid': 0.8751263902932255}, 6: {'ap_sigmoid': 0.95851547056675, 'acc_sigmoid': 0.5030333670374115, 'ap_no_sigmoid': 0.9593890695548761, 'acc_no_sigmoid': 0.8751263902932255}, 7: {'ap_sigmoid': 0.9582293427039874, 'acc_sigmoid': 0.5030333670374115, 'ap_no_sigmoid': 0.9591298183346747, 'acc_no_sigmoid': 0.8756319514661274}, 8: {'ap_sigmoid': 0.9584286865177192, 'acc_sigmoid': 0.5030333670374115, 'ap_no_sigmoid': 0.959335830494189, 'acc_no_sigmoid': 0.8756319514661274}, 9: {'ap_sigmoid': 0.9592685262206546, 'acc_sigmoid': 0.5030333670374115, 'ap_no_sigmoid': 0.9600630102187696, 'acc_no_sigmoid': 0.8756319514661274}}
C: 1
kernel_types: ['linear', 'poly']
kernel_params: [[0], [1.1, 1.2, 1.3, 1.4, 1.5]]
