result: {0: {'ap': 0.9676150820297452, 'acc': 0.848730964467005}, 1: {'ap': 0.966675781083158, 'acc': 0.8421319796954315}, 2: {'ap': 0.9710696002916875, 'acc': 0.8664974619289341}, 3: {'ap': 0.9715695680570933, 'acc': 0.86497461928934}, 4: {'ap': 0.9661512716573382, 'acc': 0.8507614213197969}, 5: {'ap': 0.9667796662634853, 'acc': 0.8456852791878172}, 6: {'ap': 0.9660862238499062, 'acc': 0.8370558375634518}, 7: {'ap': 0.9672774765423829, 'acc': 0.8426395939086294}, 8: {'ap': 0.9704661871433156, 'acc': 0.8522842639593908}, 9: {'ap': 0.9686272146786372, 'acc': 0.8578680203045685}}
C: 1
lambda_L: 1
lambda_D1: 1
lambda_D2: 1
beta: 10000
thr: 0.3
kernel_types: ['linear', 'poly']
kernel_params: [[0], [1.1, 1.2, 1.3, 1.4, 1.5]]
