result: {0: {'ap_sigmoid': 0.9486722208955238, 'acc_sigmoid': 0.5030395136778115, 'ap_no_sigmoid': 0.9495357500829995, 'acc_no_sigmoid': 0.8723404255319149}, 1: {'ap_sigmoid': 0.9485031502629334, 'acc_sigmoid': 0.5030395136778115, 'ap_no_sigmoid': 0.9493760550429081, 'acc_no_sigmoid': 0.8718338399189463}, 2: {'ap_sigmoid': 0.9486795830617045, 'acc_sigmoid': 0.5030395136778115, 'ap_no_sigmoid': 0.9495507707469434, 'acc_no_sigmoid': 0.8718338399189463}, 3: {'ap_sigmoid': 0.9489056855843052, 'acc_sigmoid': 0.5030395136778115, 'ap_no_sigmoid': 0.9497804815276235, 'acc_no_sigmoid': 0.8723404255319149}, 4: {'ap_sigmoid': 0.9484965614131687, 'acc_sigmoid': 0.5030395136778115, 'ap_no_sigmoid': 0.9493781052559458, 'acc_no_sigmoid': 0.8723404255319149}, 5: {'ap_sigmoid': 0.9483240974733878, 'acc_sigmoid': 0.5030395136778115, 'ap_no_sigmoid': 0.949194914873893, 'acc_no_sigmoid': 0.8718338399189463}, 6: {'ap_sigmoid': 0.9495241435628884, 'acc_sigmoid': 0.5030395136778115, 'ap_no_sigmoid': 0.9503870817006361, 'acc_no_sigmoid': 0.8733535967578521}, 7: {'ap_sigmoid': 0.9487519215206075, 'acc_sigmoid': 0.5030395136778115, 'ap_no_sigmoid': 0.9496171464616281, 'acc_no_sigmoid': 0.8723404255319149}, 8: {'ap_sigmoid': 0.9501906819649133, 'acc_sigmoid': 0.5030395136778115, 'ap_no_sigmoid': 0.9510369758999984, 'acc_no_sigmoid': 0.8738601823708206}, 9: {'ap_sigmoid': 0.9501404599086068, 'acc_sigmoid': 0.5030395136778115, 'ap_no_sigmoid': 0.9509020692799321, 'acc_no_sigmoid': 0.8733535967578521}}
C: 1
kernel_types: ['linear', 'poly']
kernel_params: [[0], [1.1, 1.2, 1.3, 1.4, 1.5]]
