result: {0: {'ap_sigmoid': 0.9598153041033417, 'acc_sigmoid': 0.5030272452068617, 'ap_no_sigmoid': 0.9607295022327428, 'acc_no_sigmoid': 0.8773965691220988}, 1: {'ap_sigmoid': 0.9598153041033417, 'acc_sigmoid': 0.5030272452068617, 'ap_no_sigmoid': 0.9607295022327428, 'acc_no_sigmoid': 0.8773965691220988}, 2: {'ap_sigmoid': 0.9598153041033417, 'acc_sigmoid': 0.5030272452068617, 'ap_no_sigmoid': 0.9607295022327428, 'acc_no_sigmoid': 0.8773965691220988}, 3: {'ap_sigmoid': 0.9598153041033417, 'acc_sigmoid': 0.5030272452068617, 'ap_no_sigmoid': 0.9607295022327428, 'acc_no_sigmoid': 0.8773965691220988}, 4: {'ap_sigmoid': 0.9598153041033417, 'acc_sigmoid': 0.5030272452068617, 'ap_no_sigmoid': 0.9607295022327428, 'acc_no_sigmoid': 0.8773965691220988}, 5: {'ap_sigmoid': 0.9598153041033417, 'acc_sigmoid': 0.5030272452068617, 'ap_no_sigmoid': 0.9607295022327428, 'acc_no_sigmoid': 0.8773965691220988}, 6: {'ap_sigmoid': 0.9598153041033417, 'acc_sigmoid': 0.5030272452068617, 'ap_no_sigmoid': 0.9607295022327428, 'acc_no_sigmoid': 0.8773965691220988}, 7: {'ap_sigmoid': 0.9598153041033417, 'acc_sigmoid': 0.5030272452068617, 'ap_no_sigmoid': 0.9607295022327428, 'acc_no_sigmoid': 0.8773965691220988}, 8: {'ap_sigmoid': 0.9598153041033417, 'acc_sigmoid': 0.5030272452068617, 'ap_no_sigmoid': 0.9607295022327428, 'acc_no_sigmoid': 0.8773965691220988}, 9: {'ap_sigmoid': 0.9598153041033417, 'acc_sigmoid': 0.5030272452068617, 'ap_no_sigmoid': 0.9607295022327428, 'acc_no_sigmoid': 0.8773965691220988}}
C: 1
kernel_types: ['linear', 'poly']
kernel_params: [[0], [1.1, 1.2, 1.3, 1.4, 1.5]]
